whole dist: 1818.2
whole dist: 2616.43
whole dist: 2751.08
whole dist: 2560.27
whole dist: 2627.36
whole dist: 2563.78
whole dist: 2890.36
whole dist: 2960.8
whole dist: 3392.46
whole dist: 3594.88
whole dist: 3644.21
whole dist: 3195.37
whole dist: 3110.23
whole dist: 3430.19
whole dist: 3639.33
whole dist: 3466.03
whole dist: 409.229
whole dist: 184.109
Init align time cost 11.2507s. 
Current pos:  
-0.0340362
   0.25738
 0.0383874
Current rot:  
   0.940323    0.340266  0.00348427
  -0.340284    0.940273  0.00966558
1.27066e-05  -0.0102744    0.999947
Last pos:  
0
0
0
Last rot:  
1 0 0
0 1 0
0 0 1

delta_tvec: 0.262444, delta_rvec: 0.347371
whole dist: 119.695
whole dist: 2254.52
whole dist: 3001.62
whole dist: 3184.67
whole dist: 2826.72
whole dist: 3163.37
whole dist: 3033.69
whole dist: 3750.44
whole dist: 4033.26
whole dist: 3667.35
whole dist: 4227.47
whole dist: 4523.08
whole dist: 4432.41
whole dist: 4139.02
whole dist: 4492.85
whole dist: 4016.84
whole dist: 3946.39
whole dist: 615.952
Init align time cost 12.9789s. 
Current pos:  
-0.0407021
  0.298814
 0.0549773
Current rot:  
   0.939178    0.343389   0.0053339
  -0.343422     0.93915  0.00761907
-0.00239302 -0.00898745    0.999956
Last pos:  
-0.0340362
   0.25738
 0.0383874
Last rot:  
   0.940323    0.340266  0.00348427
  -0.340284    0.940273  0.00966558
1.27066e-05  -0.0102744    0.999947

delta_tvec: 0.0451262, delta_rvec: 0.00431298
Initialization Done: pos:-0.0407021, 0.298814, 0.0549773

dt: 12.7
dt: 0.00999961
dt: 0.0100004
dt: 0.01
dt: 0.01
dt: 0.01
dt: 0.00999964
dt: 0.00999995
dt: 0.01
dt: 0.0100004
dt: 0.01
dt: 0.00999961
dt: 0.01
dt: 0.0100004
dt: 0.01
dt: 0.01
dt: 0.00999956
dt: 0.0100004
dt: 0.00999956
dt: 0.0100004
dt: 0.01
dt: 0.00999964
dt: 0.0100004
dt: 0.00999964
dt: 0.0100004
dt: 0.01
dt: 0.0099996
dt: 0.01
dt: 0.00999996
dt: 0.01

